Precision: 0.3
Recall: 0.42857142857142855
F1: 0.3529411764705882
P@5: 0.4
MAV: 0.4235714285714286