Precision: 0.2
Recall: 0.2222222222222222
F1: 0.2105263157894737
P@5: 0.4
MAV: 0.2274603174603175