Precision: 0.3
Recall: 0.375
F1: 0.33333333333333326
P@5: 0.4
MAV: 0.3003571428571429