Precision: 0.2857142857142857
Recall: 0.3333333333333333
F1: 0.30769230769230765
P@5: 0.4
MAV: 0.22891156462585036