Precision: 0.4
Recall: 0.6666666666666666
F1: 0.5
P@5: 0.6
MAV: 0.47896825396825393