Precision: 0.6666666666666666
Recall: 0.4
F1: 0.5
P@5: 0.4
MAV: 0.8888888888888888