Precision: 0.5
Recall: 0.7142857142857143
F1: 0.588235294117647
P@5: 0.4
MAV: 0.5550793650793651