Precision: 0.3
Recall: 0.5
F1: 0.37499999999999994
P@5: 0.4
MAV: 0.2860714285714286