Precision: 0.6
Recall: 0.5
F1: 0.5454545454545454
P@5: 0.6
MAV: 0.5866666666666667