Precision: 0.2
Recall: 0.3333333333333333
F1: 0.25
P@5: 0.0
MAV: 0.03111111111111111