Precision: 0.1
Recall: 0.07692307692307693
F1: 0.08695652173913043
P@5: 0.0
MAV: 0.047896825396825396