Precision: 0.3
Recall: 0.3333333333333333
F1: 0.3157894736842105
P@5: 0.2
MAV: 0.24761904761904757