Precision: 0.6666666666666666
Recall: 0.6666666666666666
F1: 0.6666666666666666
P@5: 0.4
MAV: 0.7222222222222222