Precision: 0.3
Recall: 0.375
F1: 0.33333333333333326
P@5: 0.6
MAV: 0.5703571428571428