Precision: 0.3
Recall: 0.375
F1: 0.33333333333333326
P@5: 0.2
MAV: 0.17857142857142855