Precision: 0.2
Recall: 0.16666666666666666
F1: 0.1818181818181818
P@5: 0.2
MAV: 0.10567460317460317