Precision: 0.2
Recall: 0.2
F1: 0.20000000000000004
P@5: 0.2
MAV: 0.20289682539682538