Precision: 0.4
Recall: 0.4
F1: 0.4000000000000001
P@5: 0.6
MAV: 0.3581349206349206