Precision: 0.2
Recall: 0.25
F1: 0.22222222222222224
P@5: 0.2
MAV: 0.24079365079365084