Precision: 0.3
Recall: 0.2727272727272727
F1: 0.28571428571428564
P@5: 0.6
MAV: 0.4870238095238094