Precision: 0.2
Recall: 0.18181818181818182
F1: 0.1904761904761905
P@5: 0.0
MAV: 0.09817460317460318