Precision: 0.3
Recall: 0.42857142857142855
F1: 0.3529411764705882
P@5: 0.6
MAV: 0.3870238095238095