Precision: 0.4
Recall: 0.5
F1: 0.4444444444444445
P@5: 0.4
MAV: 0.37702380952380954