Precision: 0.3
Recall: 0.25
F1: 0.2727272727272727
P@5: 0.4
MAV: 0.23746031746031745