Precision: 0.3
Recall: 0.2727272727272727
F1: 0.28571428571428564
P@5: 0.2
MAV: 0.24761904761904757