Precision: 0.1
Recall: 0.125
F1: 0.11111111111111112
P@5: 0.2
MAV: 0.10956349206349207