Precision: 0.1
Recall: 0.1111111111111111
F1: 0.10526315789473685
P@5: 0.0
MAV: 0.047896825396825396