Precision: 0.2
Recall: 0.2
F1: 0.20000000000000004
P@5: 0.4
MAV: 0.3024603174603175