Precision: 0.3
Recall: 0.23076923076923078
F1: 0.2608695652173913
P@5: 0.4
MAV: 0.2860714285714286