Precision: 0.4
Recall: 0.4444444444444444
F1: 0.4210526315789474
P@5: 0.4
MAV: 0.2798015873015873