Precision: 0.2
Recall: 0.2857142857142857
F1: 0.23529411764705882
P@5: 0.2
MAV: 0.1491269841269841