Precision: 0.1
Recall: 0.14285714285714285
F1: 0.11764705882352941
P@5: 0.2
MAV: 0.1428968253968254