Precision: 0.2
Recall: 0.3333333333333333
F1: 0.25
P@5: 0.2
MAV: 0.1741269841269841