Precision: 0.2
Recall: 0.4
F1: 0.26666666666666666
P@5: 0.2
MAV: 0.11956349206349207