Precision: 0.16666666666666666
Recall: 0.125
F1: 0.14285714285714288
P@5: 0.2
MAV: 0.24166666666666667