Precision: 0.1
Recall: 0.2
F1: 0.13333333333333333
P@5: 0.0
MAV: 0.03333333333333333