Precision: 0.1
Recall: 0.09090909090909091
F1: 0.09523809523809525
P@5: 0.0
MAV: 0.014285714285714285