Precision: 0.1
Recall: 0.3333333333333333
F1: 0.15384615384615383
P@5: 0.2
MAV: 0.06666666666666667