Precision: 0.1
Recall: 0.08333333333333333
F1: 0.0909090909090909
P@5: 0.2
MAV: 0.1