Precision: 0.1
Recall: 0.16666666666666666
F1: 0.125
P@5: 0.0
MAV: 0.023809523809523808