Precision: 0.2
Recall: 0.16666666666666666
F1: 0.1818181818181818
P@5: 0.0
MAV: 0.03111111111111111