Precision: 0.2
Recall: 0.18181818181818182
F1: 0.1904761904761905
P@5: 0.2
MAV: 0.04