Precision: 0.2
Recall: 0.15384615384615385
F1: 0.17391304347826086
P@5: 0.2
MAV: 0.06666666666666667