Precision: 0.1
Recall: 0.25
F1: 0.14285714285714288
P@5: 0.0
MAV: 0.041666666666666664